2.990000000000000036e-03,1.151864313857853439e+01
4.819999999999999632e-03,1.198387772735815915e+01
4.830000000000000092e-03,1.238886416014093328e+01
4.830000000000000092e-03,1.207634255162270520e+01
4.830000000000000092e-03,1.249986416014093393e+01
5.380000000000000233e-03,1.238840706011788484e+01
5.479999999999999628e-03,1.246249072229937660e+01
5.700000000000000205e-03,1.264890706011788524e+01
5.700000000000000205e-03,1.263570706011788580e+01
5.870000000000000218e-03,1.247729090072517977e+01
5.919999999999999915e-03,1.320382719374151570e+01
6.159999999999999677e-03,1.164219072229937701e+01
6.159999999999999677e-03,1.191999072229937795e+01
6.300000000000000044e-03,1.280785651696412941e+01
6.300000000000000044e-03,1.281675651696412999e+01
6.300000000000000044e-03,1.275275651696412993e+01
6.309999999999999637e-03,1.356586436851847033e+01
6.340000000000000149e-03,1.313555678746377176e+01
6.649999999999999661e-03,1.246397421111663206e+01
6.680000000000000174e-03,1.195517053312037525e+01
6.760000000000000384e-03,1.270489389731685925e+01
6.919999999999999936e-03,1.317617279418939269e+01
7.499999999999999722e-03,1.306033730966503725e+01
7.499999999999999722e-03,1.302893730966503583e+01
7.950000000000000469e-03,1.337281182271402358e+01
8.139999999999999666e-03,1.343982385964304171e+01
8.170000000000000179e-03,1.317612385964304167e+01
8.179999999999999771e-03,1.321654279777906105e+01
8.210000000000000284e-03,1.394509206137942847e+01
8.380000000000000296e-03,1.324895310698011919e+01
8.380000000000000296e-03,1.342015310698011810e+01
8.609999999999999598e-03,1.345288075691354024e+01
8.630000000000000518e-03,1.310554115914251838e+01
8.630000000000000518e-03,1.312564115914251950e+01
8.630000000000000518e-03,1.306614115914251961e+01
8.829999999999999308e-03,1.359183596587455511e+01
9.060000000000000345e-03,1.352751283140173832e+01
9.060000000000000345e-03,1.347831283140173930e+01
9.350000000000000672e-03,1.306232772539866893e+01
9.570000000000000381e-03,1.362757593814292889e+01
9.570000000000000381e-03,1.359197593814292837e+01
9.660000000000000184e-03,1.352706799233261492e+01
9.660000000000000184e-03,1.364066799233261662e+01
9.929999999999999591e-03,1.420379130087133213e+01
1.016000000000000063e-02,1.350616954974281825e+01
1.017000000000000022e-02,1.364473291568716995e+01
1.017000000000000022e-02,1.369393291568716897e+01
1.026000000000000002e-02,1.406562396029223017e+01
1.026000000000000002e-02,1.395312396029223123e+01
1.042000000000000044e-02,1.385049863373379075e+01
1.072999999999999995e-02,1.383323514969018930e+01
1.095999999999999926e-02,1.429319937534965490e+01
1.114000000000000060e-02,1.445228839083138972e+01
1.114000000000000060e-02,1.435548839083138972e+01
1.122000000000000081e-02,1.455833086876403470e+01
1.122000000000000081e-02,1.415723086876403514e+01
1.122000000000000081e-02,1.421833086876403485e+01
1.154999999999999950e-02,1.430398978823965273e+01
1.195000000000000055e-02,1.422120273385124811e+01
1.213000000000000016e-02,1.459986954801878056e+01
1.220000000000000077e-02,1.442155289871350554e+01
1.233000000000000068e-02,1.446343683239538258e+01
1.246000000000000059e-02,1.454710266268919305e+01
1.257999999999999917e-02,1.442650266268919346e+01
1.257999999999999917e-02,1.444310266268919385e+01
1.259000000000000050e-02,1.430916271373607351e+01
1.259000000000000050e-02,1.423956271373607230e+01
1.278999999999999929e-02,1.446545350858695400e+01
1.282999999999999939e-02,1.435519555576878403e+01
1.282999999999999939e-02,1.422149555576878477e+01
1.302999999999999992e-02,1.445327411009671792e+01
1.302999999999999992e-02,1.447847411009671781e+01
1.303999999999999951e-02,1.429612578636765363e+01
1.303999999999999951e-02,1.428822578636765250e+01
1.324999999999999963e-02,1.468477467372153988e+01
1.324999999999999963e-02,1.470117467372154074e+01
1.324999999999999963e-02,1.464127467372154001e+01
1.375000000000000007e-02,1.451691761000870784e+01
1.375000000000000007e-02,1.448821761000870723e+01
1.375000000000000007e-02,1.449191761000870748e+01
1.375999999999999966e-02,1.448353125617170356e+01
1.386000000000000079e-02,1.439423207641969782e+01
1.387999999999999998e-02,1.441181211680555130e+01
1.388999999999999957e-02,1.451992700154170457e+01
1.388999999999999957e-02,1.437972700154170447e+01
1.410999999999999928e-02,1.453987433783766114e+01
1.423999999999999919e-02,1.455894142964661420e+01
1.442000000000000053e-02,1.473317725293820324e+01
1.442000000000000053e-02,1.473937725293820300e+01
1.442000000000000053e-02,1.505328173932304203e+01
1.442000000000000053e-02,1.489478173932304195e+01
1.442000000000000053e-02,1.496868173932304202e+01
1.446000000000000063e-02,1.462426761339870573e+01
1.450000000000000074e-02,1.488548794852697554e+01
1.452999999999999951e-02,1.446981714652875795e+01
1.460000000000000013e-02,1.459690612432132539e+01
1.461999999999999932e-02,1.463956334427424721e+01
1.463000000000000064e-02,1.447234580185957498e+01
1.463000000000000064e-02,1.443594580185957454e+01
1.467000000000000075e-02,1.460945980948044820e+01
1.472000000000000045e-02,1.450342806907931426e+01
1.484000000000000076e-02,1.472535586112354977e+01
1.491999999999999924e-02,1.490382174468436283e+01
1.493000000000000056e-02,1.456805412739755567e+01
1.498999999999999985e-02,1.468901211680555186e+01
1.498999999999999985e-02,1.464111211680555158e+01
1.515000000000000027e-02,1.460204890521122678e+01
1.519000000000000038e-02,1.489341362074623554e+01
1.524999999999999967e-02,1.448242627369981328e+01
1.528999999999999977e-02,1.474565363215538483e+01
1.541999999999999968e-02,1.505615759515059437e+01
1.542999999999999927e-02,1.478902700154170446e+01
1.545999999999999978e-02,1.474757725293820165e+01
1.549000000000000030e-02,1.498538952302500427e+01
1.549999999999999989e-02,1.496999037210659722e+01
1.549999999999999989e-02,1.492309037210659639e+01
1.549999999999999989e-02,1.471131173866266018e+01
1.549999999999999989e-02,1.459711173866265987e+01
1.557000000000000051e-02,1.450512652973305805e+01
1.557000000000000051e-02,1.452212652973305751e+01
1.562000000000000020e-02,1.488506900576076930e+01
1.562000000000000020e-02,1.484206900576077004e+01
1.565000000000000072e-02,1.504331262600788044e+01
1.575999999999999970e-02,1.487718444748180957e+01
1.577999999999999889e-02,1.471245697585650092e+01
1.577999999999999889e-02,1.478355697585650219e+01
1.581000000000000114e-02,1.470540932391675604e+01
1.581000000000000114e-02,1.461320932391675598e+01
1.586999999999999869e-02,1.510235824538266591e+01
1.587999999999999828e-02,1.474285639784369195e+01
1.590000000000000094e-02,1.488103397115288118e+01
1.590000000000000094e-02,1.484703397115288226e+01
1.590000000000000094e-02,1.474577345134861517e+01
1.602999999999999911e-02,1.481962930176808158e+01
1.651999999999999996e-02,1.512715068347213787e+01
1.651999999999999996e-02,1.471213226223495418e+01
1.655999999999999833e-02,1.487164366831948925e+01
1.657000000000000139e-02,1.468241881479902666e+01
1.661999999999999936e-02,1.499213069951695587e+01
1.666000000000000120e-02,1.505040536451678790e+01
1.670999999999999916e-02,1.460955724036458037e+01
1.677999999999999978e-02,1.487827388374681092e+01
1.682000000000000162e-02,1.467767388374681126e+01
1.689999999999999836e-02,1.455116037889839831e+01
1.689999999999999836e-02,1.460766037889839986e+01
1.692000000000000101e-02,1.519911208703520522e+01
1.697999999999999857e-02,1.505001450847830569e+01
1.699000000000000163e-02,1.478659995729438315e+01
1.704999999999999918e-02,1.490966048491223361e+01
1.718000000000000083e-02,1.473064509780930109e+01
1.718000000000000083e-02,1.490894509780930122e+01
1.720000000000000001e-02,1.531661844887490531e+01
1.729999999999999941e-02,1.485294925187076487e+01
1.729999999999999941e-02,1.486104925187076553e+01
1.733000000000000165e-02,1.510909711862850102e+01
1.733000000000000165e-02,1.521829711862850054e+01
1.734000000000000125e-02,1.506966643245665338e+01
1.737000000000000002e-02,1.502120675329544497e+01
1.737000000000000002e-02,1.497810675329544416e+01
1.743000000000000105e-02,1.448961208703520498e+01
1.746999999999999942e-02,1.503428444748181114e+01
1.746999999999999942e-02,1.502478444748181019e+01
1.752000000000000085e-02,1.485565718720764927e+01
1.776000000000000148e-02,1.493290095643102333e+01
1.778000000000000067e-02,1.504489576114668559e+01
1.778000000000000067e-02,1.495489576114668573e+01
1.784000000000000169e-02,1.500184117201332690e+01
1.784000000000000169e-02,1.494974117201332575e+01
1.789999999999999925e-02,1.500433241848824117e+01
1.802000000000000129e-02,1.497527852688688199e+01
1.807999999999999885e-02,1.531427006413368730e+01
1.825999999999999845e-02,1.568690658078142341e+01
1.825999999999999845e-02,1.490820658078142280e+01
1.839000000000000010e-02,1.514577006413368743e+01
1.855000000000000052e-02,1.519932275887861017e+01
1.855000000000000052e-02,1.528332275887860980e+01
1.864999999999999991e-02,1.532495586317846481e+01
1.864999999999999991e-02,1.527945586317846427e+01
1.865999999999999950e-02,1.531151475884504087e+01
1.874999999999999931e-02,1.525211118260977905e+01
1.874999999999999931e-02,1.519211118260977855e+01
1.905000000000000096e-02,1.513681844887490513e+01
1.947000000000000119e-02,1.547861398707932423e+01
1.947000000000000119e-02,1.551241398707932539e+01
1.975000000000000019e-02,1.546300122470883842e+01
1.975000000000000019e-02,1.544530122470883882e+01
1.975999999999999979e-02,1.539126567849654847e+01
1.994999999999999898e-02,1.507039639937902820e+01
2.001000000000000001e-02,1.539088987893999239e+01
2.006000000000000144e-02,1.521573725927814813e+01
2.018999999999999961e-02,1.521313729990223607e+01
2.018999999999999961e-02,1.540793729990223504e+01
2.023000000000000145e-02,1.530269031192806395e+01
2.023000000000000145e-02,1.520439031192806389e+01
2.023000000000000145e-02,1.527919031192806365e+01
2.023000000000000145e-02,1.535139031192806414e+01
2.024000000000000105e-02,1.570365086601384874e+01
2.034000000000000044e-02,1.551800976206238047e+01
2.034000000000000044e-02,1.527640976206238044e+01
2.035000000000000003e-02,1.527604904864487700e+01
2.035000000000000003e-02,1.527074904864487692e+01
2.035000000000000003e-02,1.519824904864487713e+01
2.043999999999999984e-02,1.535887983049069483e+01
2.049000000000000127e-02,1.582827763263995813e+01
2.052000000000000005e-02,1.525946698277345881e+01
2.055999999999999842e-02,1.511839482194231188e+01
2.055999999999999842e-02,1.526786903101537263e+01
2.080999999999999864e-02,1.518691683443030627e+01
2.082000000000000170e-02,1.537844625506743768e+01
2.082000000000000170e-02,1.533934625506743821e+01
2.089999999999999844e-02,1.551388398092264076e+01
2.095999999999999946e-02,1.539889671961999085e+01
2.105999999999999886e-02,1.537097988515429847e+01
2.116000000000000172e-02,1.507650976206238091e+01
2.116000000000000172e-02,1.552042073240239262e+01
2.118000000000000091e-02,1.582067962757658286e+01
2.118000000000000091e-02,1.590827962757658298e+01
2.130999999999999908e-02,1.545850305702482608e+01
2.130999999999999908e-02,1.543680305702482691e+01
2.130999999999999908e-02,1.544430305702482542e+01
2.134000000000000133e-02,1.546601800178410180e+01
2.137000000000000011e-02,1.504769317755809865e+01
2.151000000000000134e-02,1.529132470551424383e+01
2.153000000000000053e-02,1.531480313252642311e+01
2.170000000000000054e-02,1.547064552100652968e+01
2.182999999999999871e-02,1.545719579592837611e+01
2.182999999999999871e-02,1.547309579592837636e+01
2.196999999999999995e-02,1.555851804104546510e+01
2.197999999999999954e-02,1.566416836584063610e+01
2.203000000000000097e-02,1.537217995310191654e+01
2.205000000000000016e-02,1.544948621885538209e+01
2.206999999999999934e-02,1.558380819602728984e+01
2.214999999999999955e-02,1.574553080121376070e+01
2.219000000000000139e-02,1.571347300845196315e+01
2.228000000000000119e-02,1.550386148222932015e+01
2.228000000000000119e-02,1.552136148222932022e+01
2.230999999999999997e-02,1.562437300845196297e+01
2.233999999999999875e-02,1.547450748622045325e+01
2.233999999999999875e-02,1.557220748622045292e+01
2.236000000000000140e-02,1.548004094323052726e+01
2.239000000000000018e-02,1.547052943717988782e+01
2.239000000000000018e-02,1.555942943717988847e+01
2.239999999999999977e-02,1.546027586457135072e+01
2.239999999999999977e-02,1.550097586457135002e+01
2.240999999999999936e-02,1.573646101067604874e+01
2.255000000000000060e-02,1.543189712693858340e+01
2.265999999999999959e-02,1.554163410695718639e+01
2.270000000000000143e-02,1.556753748762016265e+01
2.273000000000000020e-02,1.538165171870537407e+01
2.295000000000000165e-02,1.596677995310191633e+01
2.295000000000000165e-02,1.555536390917707834e+01
2.298000000000000043e-02,1.569705533565035083e+01
2.298000000000000043e-02,1.566905533565035036e+01
2.302999999999999839e-02,1.568175171870537277e+01
2.307000000000000023e-02,1.546341537366977192e+01
2.313000000000000125e-02,1.572154447381614162e+01
2.316000000000000003e-02,1.558030345706585429e+01
2.321000000000000146e-02,1.561575951377663252e+01
2.324999999999999983e-02,1.575074879117181403e+01
2.331000000000000086e-02,1.534788550416199548e+01
2.331000000000000086e-02,1.513018550416199481e+01
2.341999999999999985e-02,1.568469679511287218e+01
2.341999999999999985e-02,1.570769679511287187e+01
2.341999999999999985e-02,1.567789679511287204e+01
2.342999999999999944e-02,1.555737192010843195e+01
2.342999999999999944e-02,1.555737192010843195e+01
2.343999999999999903e-02,1.553029734264701212e+01
2.351999999999999924e-02,1.553659447608832167e+01
2.353999999999999843e-02,1.569553349296838718e+01
2.357000000000000067e-02,1.573618504159868081e+01
2.357000000000000067e-02,1.564648504159868203e+01
2.357000000000000067e-02,1.527077813106617477e+01
2.365000000000000088e-02,1.565221902297508727e+01
2.368999999999999925e-02,1.564011245484537405e+01
2.387999999999999845e-02,1.568987013687409870e+01
2.390000000000000110e-02,1.558649447608832084e+01
2.390000000000000110e-02,1.569157937882564546e+01
2.391000000000000070e-02,1.559562739995588920e+01
2.401000000000000009e-02,1.579554084955378634e+01
2.410999999999999949e-02,1.579982773606942992e+01
2.410999999999999949e-02,1.516602773606942911e+01
2.411999999999999908e-02,1.557573692704202983e+01
2.417000000000000051e-02,1.563840618619476253e+01
2.417000000000000051e-02,1.578030618619476222e+01
2.427999999999999950e-02,1.587664861392426197e+01
2.428999999999999909e-02,1.577408512936470153e+01
2.432000000000000134e-02,1.568453080121376075e+01
2.432000000000000134e-02,1.565043080121376029e+01
2.432000000000000134e-02,1.592575870197900834e+01
2.434000000000000052e-02,1.570775815283009713e+01
2.452999999999999972e-02,1.570116883240787509e+01
2.452999999999999972e-02,1.576776883240787441e+01
2.452999999999999972e-02,1.564246883240787511e+01
2.457000000000000156e-02,1.587324293694380017e+01
2.461999999999999952e-02,1.580283050079856544e+01
2.461999999999999952e-02,1.574883050079856517e+01
2.461999999999999952e-02,1.558653050079856506e+01
2.463999999999999871e-02,1.565025202596448572e+01
2.463999999999999871e-02,1.550445202596448624e+01
2.466000000000000136e-02,1.550392403433568944e+01
2.491000000000000159e-02,1.577902993037483803e+01
2.494000000000000036e-02,1.589260937312026023e+01
2.509000000000000119e-02,1.590843238242791102e+01
2.510000000000000078e-02,1.552807853997747500e+01
2.510000000000000078e-02,1.553937853997747531e+01
2.510000000000000078e-02,1.577178757133946974e+01
2.510000000000000078e-02,1.570017853997747537e+01
2.511999999999999997e-02,1.572305780564461131e+01
2.512999999999999956e-02,1.515110875075386510e+01
2.517000000000000140e-02,1.560660653597756387e+01
2.517000000000000140e-02,1.589380653597756421e+01
2.517000000000000140e-02,1.592260653597756459e+01
2.519000000000000059e-02,1.580853095361652905e+01
2.519000000000000059e-02,1.580913095361652765e+01
2.520999999999999977e-02,1.567630993912628767e+01
2.525000000000000161e-02,1.563879454644184541e+01
2.525000000000000161e-02,1.560099454644184469e+01
2.534000000000000141e-02,1.588172897378186832e+01
2.534000000000000141e-02,1.588970050181379179e+01
2.555999999999999939e-02,1.587480407819222705e+01
2.556999999999999898e-02,1.575791832687932548e+01
2.585000000000000145e-02,1.545999253434278309e+01
2.590999999999999900e-02,1.581258257759953878e+01
2.596000000000000044e-02,1.609164754015791488e+01
2.597999999999999962e-02,1.598681966104627428e+01
2.597999999999999962e-02,1.580181966104627556e+01
2.597999999999999962e-02,1.552871966104627610e+01
2.597999999999999962e-02,1.600318876652660904e+01
2.625999999999999862e-02,1.597856291984062693e+01
2.625999999999999862e-02,1.603596291984062816e+01
2.631999999999999965e-02,1.571191299633249372e+01
2.668999999999999845e-02,1.600091465092455323e+01
2.690999999999999989e-02,1.595847644237154839e+01
2.690999999999999989e-02,1.597887644237155058e+01
2.695000000000000173e-02,1.580957853997747442e+01
2.713000000000000134e-02,1.594389696590511285e+01
2.714000000000000093e-02,1.601027952202845839e+01
2.730000000000000135e-02,1.597574864577816633e+01
2.731000000000000094e-02,1.595536971381087277e+01
2.731000000000000094e-02,1.603293235902230407e+01
2.731000000000000094e-02,1.580103235902230630e+01
2.731000000000000094e-02,1.591623235902230604e+01
2.735999999999999890e-02,1.600572403433568880e+01
2.740000000000000074e-02,1.599159355203067356e+01
2.741000000000000034e-02,1.621202901041204925e+01
2.748000000000000095e-02,1.580288794255770135e+01
2.748000000000000095e-02,1.584368794255770219e+01
2.748000000000000095e-02,1.580158794255770260e+01
2.773000000000000118e-02,1.603866173526358097e+01
2.802999999999999936e-02,1.641220082097743216e+01
2.804999999999999855e-02,1.581733872102433303e+01
2.809999999999999998e-02,1.635939297505424150e+01
2.816000000000000100e-02,1.604814432557294523e+01
2.818999999999999978e-02,1.600644206538499859e+01
2.819999999999999937e-02,1.597230202354587192e+01
2.823000000000000162e-02,1.619117085042405790e+01
2.823000000000000162e-02,1.624137085042405815e+01
2.823000000000000162e-02,1.624307085042405774e+01
2.833000000000000101e-02,1.595332320425235295e+01
2.844000000000000000e-02,1.605818966014588511e+01
2.844000000000000000e-02,1.602828966014588374e+01
2.849000000000000143e-02,1.579039297505424067e+01
2.849000000000000143e-02,1.612770343030194198e+01
2.849000000000000143e-02,1.598220343030194002e+01
2.849000000000000143e-02,1.604990343030194211e+01
2.849000000000000143e-02,1.588170854356321726e+01
2.857000000000000164e-02,1.628790219305840736e+01
2.858000000000000124e-02,1.634840950691700101e+01
2.866000000000000145e-02,1.602870496866525940e+01
2.866000000000000145e-02,1.609603519203086108e+01
2.872999999999999859e-02,1.563719242186634872e+01
2.887999999999999942e-02,1.596059013612081934e+01
2.897999999999999882e-02,1.616415300623931373e+01
2.902000000000000066e-02,1.574321467889963877e+01
2.912999999999999964e-02,1.620174864577816720e+01
2.914999999999999883e-02,1.637858387688683948e+01
2.917000000000000148e-02,1.592398092110898133e+01
2.919000000000000067e-02,1.628873747057187771e+01
2.937999999999999987e-02,1.630849523799491507e+01
2.937999999999999987e-02,1.615878096222748184e+01
2.944000000000000089e-02,1.596060111230845457e+01
2.946999999999999967e-02,1.577690362507187416e+01
2.948999999999999885e-02,1.629043982443508298e+01
2.949999999999999845e-02,1.604589719803666270e+01
2.953000000000000069e-02,1.614663328263301878e+01
2.955999999999999947e-02,1.619233629424984855e+01
2.969000000000000111e-02,1.596203152363816535e+01
2.978000000000000091e-02,1.618376580697857037e+01
2.978000000000000091e-02,1.619713519203086349e+01
2.989999999999999949e-02,1.611724430916880735e+01
2.996000000000000052e-02,1.654210688481330394e+01
3.012000000000000094e-02,1.620018561187651329e+01
3.012000000000000094e-02,1.616448561187651123e+01
3.012000000000000094e-02,1.615678561187651141e+01
3.022999999999999993e-02,1.620055504784673417e+01
3.031000000000000014e-02,1.623566503107972281e+01
3.036000000000000157e-02,1.616543416388755006e+01
3.047000000000000056e-02,1.622047851984628863e+01
3.058999999999999914e-02,1.603985434965162682e+01
3.074999999999999956e-02,1.603149599076301968e+01
3.075999999999999915e-02,1.628950688481330289e+01
3.082999999999999977e-02,1.614580155891682267e+01
3.085999999999999854e-02,1.609906630569379971e+01
3.090999999999999998e-02,1.617332773549260594e+01
3.096000000000000141e-02,1.633045011635928745e+01
3.107999999999999999e-02,1.660388610034681989e+01
3.107999999999999999e-02,1.608744396201705129e+01
3.107999999999999999e-02,1.601884396201705130e+01
3.109999999999999917e-02,1.624499069015977781e+01
3.114000000000000101e-02,1.634853839026357392e+01
3.114000000000000101e-02,1.621943839026357281e+01
3.116000000000000020e-02,1.626817500605229228e+01
3.116999999999999979e-02,1.621184396201705269e+01
3.117999999999999938e-02,1.634907037945956887e+01
3.119999999999999857e-02,1.617758645526826911e+01
3.119999999999999857e-02,1.626118645526826967e+01
3.119999999999999857e-02,1.616598645526827127e+01
3.121000000000000163e-02,1.645043318887362815e+01
3.121000000000000163e-02,1.642123318887362871e+01
3.121000000000000163e-02,1.646513318887362942e+01
3.132000000000000062e-02,1.630599820713725023e+01
3.142999999999999960e-02,1.632908254107552892e+01
3.142999999999999960e-02,1.623953808743071292e+01
3.146999999999999797e-02,1.659184858083879632e+01
3.148000000000000104e-02,1.638390257709112063e+01
3.148000000000000104e-02,1.638545422874388535e+01
3.162000000000000227e-02,1.632604359675045558e+01
3.162000000000000227e-02,1.636334359675045391e+01
3.166000000000000064e-02,1.640582829313575886e+01
3.191999999999999699e-02,1.613990667358241637e+01
3.200999999999999679e-02,1.617024348907754572e+01
3.235999999999999988e-02,1.635482230602277554e+01
3.255000000000000254e-02,1.625495924679769999e+01
3.259999999999999704e-02,1.653530656585693492e+01
3.259999999999999704e-02,1.653680656585693498e+01
3.264000000000000234e-02,1.656213861976998558e+01
3.264000000000000234e-02,1.634693861976998619e+01
3.264000000000000234e-02,1.658450921137204759e+01
3.271999999999999909e-02,1.633916355336870296e+01
3.271999999999999909e-02,1.631196355336870596e+01
3.271999999999999909e-02,1.631846355336870502e+01
3.282000000000000195e-02,1.630859974014537173e+01
3.289000000000000257e-02,1.651411496252598710e+01
3.289999999999999869e-02,1.640434858301148324e+01
3.293999999999999706e-02,1.647601373074882147e+01
3.296000000000000318e-02,1.641228541838838595e+01
3.296000000000000318e-02,1.657058541838838650e+01
3.298000000000000237e-02,1.629512776561008991e+01
3.332999999999999852e-02,1.634073533022730373e+01
3.332999999999999852e-02,1.640323533022730373e+01
3.334999999999999770e-02,1.649155771395178505e+01
3.341000000000000220e-02,1.653901330503400757e+01
3.341000000000000220e-02,1.652591330503400968e+01
3.370999999999999691e-02,1.645346737657984448e+01
3.373000000000000304e-02,1.650699139868333276e+01
3.375000000000000222e-02,1.669649942620293714e+01
3.377999999999999753e-02,1.650462398175688250e+01
3.393000000000000183e-02,1.658699657867150989e+01
3.402999999999999775e-02,1.643288730936195208e+01
3.427999999999999797e-02,1.659179071495585944e+01
3.427999999999999797e-02,1.661079071495585779e+01
3.436999999999999778e-02,1.645671170215857160e+01
3.441000000000000308e-02,1.649784381021612489e+01
3.450999999999999901e-02,1.665293425312428965e+01
3.459000000000000269e-02,1.640500122295392771e+01
3.479000000000000148e-02,1.653276208196493613e+01
3.490999999999999659e-02,1.658565135663977586e+01
3.511999999999999844e-02,1.655456972795598247e+01
3.515000000000000069e-02,1.656547380412791881e+01
3.515999999999999681e-02,1.647456851564280456e+01
3.515999999999999681e-02,1.647716851564280205e+01
3.522000000000000131e-02,1.650778578198479352e+01
3.529000000000000192e-02,1.653201882303282133e+01
3.550999999999999990e-02,1.666242063649484351e+01
3.568000000000000338e-02,1.690510269685971423e+01
3.576000000000000012e-02,1.662957372211035079e+01
3.576000000000000012e-02,1.682497372211035014e+01
3.583000000000000074e-02,1.660570059611137594e+01
3.584999999999999992e-02,1.622501545588546534e+01
3.599000000000000116e-02,1.666202366582264105e+01
3.615999999999999770e-02,1.653125494729582812e+01
3.624000000000000138e-02,1.685239682868965261e+01
3.635000000000000037e-02,1.667569335152033005e+01
3.681999999999999856e-02,1.659502925688331842e+01
3.681999999999999856e-02,1.655042925688331934e+01
3.697000000000000286e-02,1.673978840544570446e+01
3.701999999999999735e-02,1.647689142481604563e+01
3.701999999999999735e-02,1.659999142481604295e+01
3.701999999999999735e-02,1.673720839552266426e+01
3.701999999999999735e-02,1.674672462122579475e+01
3.704999999999999960e-02,1.663243450732267448e+01
3.706999999999999879e-02,1.671682107469780121e+01
3.724999999999999839e-02,1.667453401581712669e+01
3.724999999999999839e-02,1.666053401581712734e+01
3.729999999999999982e-02,1.654239199663917148e+01
3.740000000000000269e-02,1.664455762542061024e+01
3.753000000000000086e-02,1.661769261571538792e+01
3.756000000000000311e-02,1.700125964337918560e+01
3.756000000000000311e-02,1.688645964337918315e+01
3.787000000000000088e-02,1.667047307235659659e+01
3.790000000000000313e-02,1.672918740201526333e+01
3.796000000000000069e-02,1.675700621805479429e+01
3.817999999999999866e-02,1.656203186136617944e+01
3.817999999999999866e-02,1.652993186136617965e+01
3.828000000000000153e-02,1.677802226221411175e+01
3.833999999999999908e-02,1.718444554795394197e+01
3.846999999999999725e-02,1.688955217040489387e+01
3.848000000000000032e-02,1.692519734624895378e+01
3.873000000000000054e-02,1.667899444052562785e+01
3.883999999999999952e-02,1.669268276837451026e+01
3.901999999999999913e-02,1.667826220967473461e+01
3.908999999999999975e-02,1.686146025118671332e+01
3.910000000000000281e-02,1.687851323243780399e+01
4.014000000000000207e-02,1.694335005839254649e+01
4.034999999999999698e-02,1.721174911325602608e+01
4.055999999999999883e-02,1.667771915399602278e+01
4.055999999999999883e-02,1.674281915399602383e+01
4.077000000000000068e-02,1.665156721203271317e+01
4.089000000000000273e-02,1.678959536356870075e+01
4.095000000000000029e-02,1.707223330350609558e+01
4.098999999999999866e-02,1.670288509715810932e+01
4.100999999999999784e-02,1.697569309278994965e+01
4.166999999999999871e-02,1.722036790220592195e+01
4.222000000000000058e-02,1.686445045547515775e+01
4.257999999999999979e-02,1.716617845786734620e+01
4.268000000000000266e-02,1.695188702806689918e+01
4.268000000000000266e-02,1.657198245435342088e+01
4.284999999999999920e-02,1.691024076581845037e+01
4.284999999999999920e-02,1.686524076581845222e+01
4.288999999999999757e-02,1.685671233648951528e+01
4.306000000000000105e-02,1.690354896848124966e+01
4.349000000000000088e-02,1.707272395787157038e+01
4.349000000000000088e-02,1.686742631370868040e+01
4.349000000000000088e-02,1.694192631370868085e+01
4.368999999999999967e-02,1.691113026474143766e+01
4.408000000000000113e-02,1.698585735885471237e+01
4.438000000000000278e-02,1.719921225618242033e+01
4.438999999999999890e-02,1.694249911888773852e+01
4.440000000000000197e-02,1.720241854776463342e+01
4.463999999999999913e-02,1.716323418034500747e+01
4.487000000000000016e-02,1.710710829298008306e+01
4.521000000000000019e-02,1.734040952224651733e+01
4.544999999999999735e-02,1.710790952224651917e+01
4.574999999999999900e-02,1.711290766189078738e+01
4.574999999999999900e-02,1.716340766189078693e+01
4.583000000000000268e-02,1.681021225618242099e+01
4.590000000000000330e-02,1.703314202647194264e+01
4.624999999999999944e-02,1.691447834431684782e+01
4.630999999999999700e-02,1.718967596820156629e+01
4.642999999999999905e-02,1.697354339990655347e+01
4.655999999999999722e-02,1.715845904462824834e+01
4.664000000000000090e-02,1.712151366296727417e+01
4.682000000000000051e-02,1.712787929891340255e+01
4.682000000000000051e-02,1.713497929891340377e+01
4.691000000000000031e-02,1.740662833933042464e+01
4.737999999999999851e-02,1.721437212713755827e+01
4.760000000000000342e-02,1.725001323183104063e+01
4.776999999999999996e-02,1.724280008982587375e+01
4.776999999999999996e-02,1.721036068635071814e+01
4.818999999999999673e-02,1.714322875365081700e+01
4.837000000000000327e-02,1.701705731104029695e+01
4.859999999999999737e-02,1.697156032139502813e+01
4.864999999999999880e-02,1.728321193221020380e+01
4.934000000000000191e-02,1.723957502518634755e+01
4.939999999999999947e-02,1.711470802944036507e+01
4.943999999999999784e-02,1.722708209120306933e+01
4.984999999999999848e-02,1.728313626338524145e+01
4.988999999999999685e-02,1.711528860909809779e+01
5.018000000000000238e-02,1.721006399429596812e+01
5.022999999999999687e-02,1.749672864416509199e+01
5.031999999999999668e-02,1.718135350465030697e+01
5.043999999999999873e-02,1.710472580615307692e+01
5.049000000000000016e-02,1.718343416761280551e+01
5.052000000000000240e-02,1.734504647330836491e+01
5.065999999999999670e-02,1.749430502481602190e+01
5.106000000000000122e-02,1.751628947746147347e+01
5.126000000000000001e-02,1.702763131644697836e+01
5.151000000000000023e-02,1.722533105176253798e+01
5.194000000000000006e-02,1.741589904554217227e+01
5.201999999999999680e-02,1.750255193616115079e+01
5.201999999999999680e-02,1.717795193616115057e+01
5.222000000000000253e-02,1.747571069692860135e+01
5.262000000000000011e-02,1.754622885781020614e+01
5.308999999999999830e-02,1.741061500326513567e+01
5.315999999999999892e-02,1.748252624363578533e+01
5.346000000000000058e-02,1.749713342989268838e+01
5.467999999999999944e-02,1.746667158895413152e+01
5.469000000000000250e-02,1.749091754792011955e+01
5.501999999999999946e-02,1.727527301375032565e+01
5.541000000000000092e-02,1.749959360823730137e+01
5.614000000000000240e-02,1.744021796135232094e+01
5.652999999999999692e-02,1.753463849397836682e+01
5.693000000000000144e-02,1.766907053143874151e+01
5.707999999999999879e-02,1.761612400571163661e+01
5.727999999999999758e-02,1.769573597696764722e+01
5.824000000000000010e-02,1.760544055172375266e+01
5.824000000000000010e-02,1.755574055172375481e+01
5.829999999999999766e-02,1.757851757572706575e+01
5.886000000000000260e-02,1.760526430091555383e+01
5.886000000000000260e-02,1.777106430091555467e+01
5.974000000000000143e-02,1.692057067367614920e+01
6.092000000000000193e-02,1.765343370986737881e+01
6.099000000000000254e-02,1.778326341158434332e+01
6.099000000000000254e-02,1.781266341158434230e+01
6.121000000000000052e-02,1.775480010179551016e+01
6.137000000000000094e-02,1.757662541718249472e+01
6.137000000000000094e-02,1.758492541718249669e+01
6.153000000000000136e-02,1.768991224938898199e+01
6.371999999999999886e-02,1.796388981972601684e+01
6.383999999999999397e-02,1.763425839452811061e+01
6.446000000000000341e-02,1.769354659710613120e+01
6.532999999999999918e-02,1.769537235063424063e+01
6.626999999999999558e-02,1.797238018100468082e+01
6.654000000000000192e-02,1.776873544919176595e+01
6.711000000000000298e-02,1.803187323635887651e+01
6.725000000000000422e-02,1.783974366418981461e+01
6.786000000000000365e-02,1.809583492976090469e+01
6.844000000000000083e-02,1.784293513931254083e+01
6.886000000000000454e-02,1.802585041739054716e+01
6.897000000000000353e-02,1.788527451126895329e+01
7.023000000000000076e-02,1.789529302873036087e+01
7.055999999999999772e-02,1.789689152248238102e+01
7.055999999999999772e-02,1.787829152248238174e+01
7.073000000000000120e-02,1.807926822543762668e+01
7.083000000000000407e-02,1.808186673437120362e+01
7.088999999999999468e-02,1.805050838732175222e+01
7.090000000000000469e-02,1.832918111157395202e+01
7.091000000000000081e-02,1.796763123646203653e+01
7.116000000000000103e-02,1.795333374809883153e+01
7.158000000000000473e-02,1.784406932689936909e+01
7.166999999999999760e-02,1.801395818742552635e+01
7.192999999999999394e-02,1.816015679492862489e+01
7.222000000000000641e-02,1.822654908337351642e+01
7.252000000000000113e-02,1.821876916209193809e+01
7.392999999999999572e-02,1.814622680847030267e+01
7.439999999999999392e-02,1.802415372145124906e+01
7.445999999999999841e-02,1.804331227519204006e+01
7.520000000000000295e-02,1.806419828178255571e+01
7.520000000000000295e-02,1.815349828178255720e+01
7.560000000000000053e-02,1.840213864334814886e+01
7.574999999999999789e-02,1.813319120797440931e+01
7.588000000000000300e-02,1.822415767874187864e+01
7.845000000000000584e-02,1.815264828439977762e+01
7.858999999999999320e-02,1.841597028781594858e+01
7.875000000000000056e-02,1.859640746323560023e+01
7.875000000000000056e-02,1.867520746323560132e+01
7.895000000000000628e-02,1.817868122256525254e+01
7.906000000000000527e-02,1.836428175602250334e+01
7.931000000000000549e-02,1.810939872674957485e+01
7.990999999999999492e-02,1.818219277658544897e+01
8.008999999999999453e-02,1.824760630598439093e+01
8.167000000000000648e-02,1.829589914868032352e+01
8.244999999999999551e-02,1.839552533361894504e+01
8.282000000000000473e-02,1.825009509742006131e+01
8.308999999999999719e-02,1.856559333863499717e+01
8.409999999999999420e-02,1.853859140859080767e+01
8.572000000000000453e-02,1.840729146508122582e+01
8.704000000000000625e-02,1.841329360735862508e+01
8.870000000000000107e-02,1.833748590767223519e+01
9.038999999999999813e-02,1.848104389627225430e+01
9.088999999999999857e-02,1.858676751029688390e+01
9.205000000000000682e-02,1.871382106887065078e+01
9.292999999999999872e-02,1.877848680815640847e+01
9.950000000000000511e-02,1.898089737885650408e+01
1.016500000000000042e-01,1.883622396004247790e+01
1.022099999999999953e-01,1.894636618681228057e+01
1.024599999999999955e-01,1.878809863889442511e+01
1.029400000000000037e-01,1.871483510189139565e+01
1.036099999999999938e-01,1.886463720077033557e+01
1.037399999999999989e-01,1.873840305400445061e+01
1.050699999999999967e-01,1.895733172933426758e+01
1.066099999999999964e-01,1.878614605457806164e+01
1.070699999999999985e-01,1.898644643733928206e+01
1.071099999999999969e-01,1.895337008205518003e+01
1.071300000000000030e-01,1.930832436515660433e+01
1.077400000000000024e-01,1.902162356852383951e+01
1.079399999999999943e-01,1.892831500926023125e+01
1.090799999999999964e-01,1.892155476679253212e+01
1.100099999999999967e-01,1.909224647353615367e+01
1.125899999999999956e-01,1.913453940396158259e+01
1.138799999999999951e-01,1.889843989962461634e+01
1.165000000000000063e-01,1.904642632459700380e+01
1.165299999999999947e-01,1.913693413442195279e+01
1.175999999999999962e-01,1.907723850013508127e+01
1.179199999999999970e-01,1.911149432912473145e+01
1.181799999999999934e-01,1.891788988149737705e+01
1.190100000000000047e-01,1.906730256038672877e+01
1.201399999999999968e-01,1.909430708635769847e+01
1.205800000000000066e-01,1.929025511850111840e+01
1.208599999999999952e-01,1.913570988664908867e+01
1.220699999999999980e-01,1.908915652811700525e+01
1.223100000000000021e-01,1.910893571539928715e+01
1.227800000000000002e-01,1.918003385906704139e+01
1.231600000000000056e-01,1.908948209521540207e+01
1.235699999999999993e-01,1.910840960413307954e+01
1.237700000000000050e-01,1.929233041611199084e+01
1.238299999999999956e-01,1.931543738776309382e+01
1.239299999999999985e-01,1.914262201178705425e+01
1.240499999999999936e-01,1.932585138253418577e+01
1.247199999999999975e-01,1.925113947777434831e+01
1.255999999999999894e-01,1.962948507965997891e+01
1.262300000000000089e-01,1.898373199102462294e+01
1.270600000000000063e-01,1.929747328903908254e+01
1.270999999999999908e-01,1.916987328903908150e+01
1.272000000000000075e-01,1.922912466400217468e+01
1.273199999999999887e-01,1.926988178733925849e+01
1.292000000000000093e-01,1.923625013363816194e+01
1.292099999999999915e-01,1.932236902924647737e+01
1.295000000000000040e-01,1.931353192122623952e+01
1.295800000000000007e-01,1.932302861060168908e+01
1.316900000000000015e-01,1.927946096553194621e+01
1.328100000000000114e-01,1.926205970039670845e+01
1.336600000000000010e-01,1.929994119595119173e+01
1.337200000000000055e-01,1.931616696528051946e+01
1.347700000000000009e-01,1.970823808775291042e+01
1.353499999999999981e-01,1.954692030947367343e+01
1.361400000000000110e-01,1.944548866758211858e+01
1.365800000000000070e-01,1.931489569766353043e+01
1.370000000000000107e-01,1.947561696317638535e+01
1.371300000000000019e-01,1.942724001628624464e+01
1.374499999999999889e-01,1.981616781826375373e+01
1.382200000000000095e-01,1.934952857289230721e+01
1.382599999999999940e-01,1.941430011853609372e+01
1.383999999999999952e-01,1.948613779716280447e+01
1.385099999999999942e-01,1.950309010032772861e+01
1.387500000000000122e-01,1.946294725862808761e+01
1.388000000000000067e-01,1.950917574331763760e+01
1.395500000000000074e-01,1.948377574331763640e+01
1.408200000000000007e-01,1.963634061899567840e+01
1.410399999999999987e-01,1.974178922085623711e+01
1.412299999999999944e-01,1.949936948045085572e+01
1.413399999999999934e-01,1.958217934232985158e+01
1.432499999999999885e-01,1.950243939445806873e+01
1.434499999999999942e-01,1.996932101494719092e+01
1.435899999999999954e-01,1.956685189624139909e+01
1.440400000000000014e-01,1.952897086446199637e+01
1.442299999999999971e-01,1.946823306439779344e+01
1.454199999999999937e-01,1.960206228880380053e+01
1.463800000000000101e-01,1.963459895272116285e+01
1.465200000000000113e-01,1.960718291049366258e+01
1.473700000000000010e-01,1.946299322502063589e+01
1.474699999999999900e-01,1.941316689466325229e+01
1.477100000000000080e-01,1.957975896349844191e+01
1.477799999999999947e-01,1.960923652895350600e+01
1.480299999999999949e-01,1.967397545308452678e+01
1.480599999999999972e-01,1.948308964883426952e+01
1.483399999999999996e-01,1.946901639302321740e+01
1.489800000000000013e-01,1.960371430468807574e+01
1.494000000000000050e-01,1.955353318369146720e+01
1.504999999999999949e-01,1.954685747668964169e+01
1.508400000000000019e-01,1.961221079823194202e+01
1.519500000000000017e-01,1.948555346352650375e+01
1.529099999999999904e-01,1.975972042577004828e+01
1.531800000000000106e-01,1.965275603069582289e+01
1.533599999999999963e-01,1.953429959925572490e+01
1.534099999999999908e-01,1.969225805732462220e+01
1.535700000000000121e-01,1.979851656023150852e+01
1.551099999999999979e-01,1.963926615135623877e+01
1.552600000000000091e-01,1.970929059079017875e+01
1.553599999999999981e-01,1.983061548647081196e+01
1.560100000000000098e-01,1.940054553207147947e+01
1.567099999999999882e-01,1.963785113497362644e+01
1.585600000000000065e-01,1.950461554161891087e+01
1.592099999999999904e-01,1.985141005386540769e+01
1.593100000000000072e-01,1.937426139934686731e+01
1.594800000000000106e-01,1.951569725783203424e+01
1.600399999999999878e-01,1.946655556459651137e+01
1.600800000000000001e-01,1.965142019792162031e+01
1.605300000000000060e-01,1.962762262481384212e+01
1.606100000000000028e-01,1.984891005386540641e+01
1.607699999999999962e-01,1.963718804717898436e+01
1.612200000000000022e-01,1.973531005386540826e+01
1.623600000000000043e-01,1.974392803242518468e+01
1.637500000000000067e-01,1.969662962264377981e+01
1.644799999999999873e-01,1.967781997954504547e+01
1.647099999999999953e-01,1.974375724204885429e+01
1.649500000000000133e-01,1.973189348849661684e+01
1.660300000000000109e-01,1.990525965470217074e+01
1.660600000000000132e-01,1.959288058698578183e+01
1.682800000000000129e-01,1.968288455249367530e+01
1.692400000000000015e-01,1.992528578611809564e+01
1.697099999999999997e-01,2.007650096999544331e+01
1.704199999999999882e-01,1.987717344909698980e+01
1.712400000000000033e-01,1.994847069126919337e+01
1.716900000000000093e-01,1.986173574306439704e+01
1.725599999999999912e-01,1.990112947411222422e+01
1.726999999999999924e-01,1.966783227528163991e+01
1.729700000000000126e-01,2.012847667027776311e+01
1.733099999999999918e-01,1.978500129716076117e+01
1.737400000000000055e-01,1.993731396325613048e+01
1.737799999999999900e-01,1.974980993942235230e+01
1.739199999999999913e-01,1.999539218642361504e+01
1.741699999999999915e-01,1.997013674575444497e+01
1.741999999999999937e-01,1.972832586866235971e+01
1.743800000000000072e-01,1.990137156810810026e+01
1.744300000000000017e-01,1.995104108608899907e+01
1.744400000000000117e-01,1.988111936775487010e+01
1.749799999999999967e-01,2.013788335692499487e+01
1.766600000000000115e-01,1.990933320148642238e+01
1.771300000000000097e-01,1.990005475820003156e+01
1.773699999999999999e-01,1.986763633082712843e+01
1.778599999999999903e-01,1.972877572147664083e+01
1.779100000000000126e-01,2.004081768578282663e+01
1.785200000000000120e-01,2.035487644634047655e+01
1.790100000000000025e-01,2.002820354937299996e+01
1.791099999999999914e-01,2.015405399586039081e+01
1.793099999999999972e-01,1.992198610557412053e+01
1.795200000000000129e-01,1.993848996346937241e+01
1.797300000000000009e-01,1.993862522717028085e+01
1.797499999999999931e-01,1.998340354937299779e+01
1.800400000000000056e-01,2.038411022875631318e+01
1.804999999999999938e-01,1.975442180866054187e+01
1.807300000000000018e-01,1.988741261727381726e+01
1.807799999999999963e-01,2.010124758848053261e+01
1.808200000000000085e-01,2.002668996346937291e+01
1.808599999999999930e-01,2.000268996346937556e+01
1.809199999999999975e-01,2.000637030959486751e+01
1.812600000000000044e-01,2.004608996346937388e+01
1.813599999999999934e-01,1.987087796410762053e+01
1.814500000000000002e-01,1.977937796410762061e+01
1.821699999999999986e-01,1.996866998698956408e+01
1.822900000000000076e-01,1.990810477015364910e+01
1.823099999999999998e-01,2.007059463257959919e+01
1.825199999999999878e-01,2.016289176194000632e+01
1.836000000000000132e-01,1.997809150261858235e+01
1.837499999999999967e-01,2.005892139942437069e+01
1.838899999999999979e-01,2.013006010760665987e+01
1.840199999999999891e-01,2.017384025804803116e+01
1.845799999999999941e-01,2.031624025804803324e+01
1.845900000000000041e-01,2.016668379502547026e+01
1.848400000000000043e-01,2.003117516287846200e+01
1.849300000000000110e-01,1.998926532057940619e+01
1.850600000000000023e-01,2.012046108233144182e+01
1.851500000000000090e-01,2.001045279663753007e+01
1.852199999999999958e-01,1.991834298581510154e+01
1.852699999999999902e-01,2.016844148806549342e+01
1.866700000000000026e-01,2.012889091155416565e+01
1.872800000000000020e-01,2.014250058834033652e+01
1.880900000000000072e-01,2.011582549733549996e+01
1.890600000000000058e-01,1.980806667883137351e+01
1.890799999999999981e-01,2.017816519303734779e+01
1.892900000000000138e-01,2.030472729317846614e+01
1.892900000000000138e-01,2.050964553724295314e+01
1.894800000000000095e-01,2.010939765626104148e+01
1.895199999999999940e-01,2.013166519303734603e+01
1.899500000000000077e-01,2.009615058941777122e+01
1.902500000000000024e-01,2.024744847394121550e+01
1.904200000000000059e-01,2.005565686903123535e+01
1.904399999999999982e-01,2.028538595474309503e+01
1.941299999999999970e-01,2.015809707764338299e+01
1.943400000000000127e-01,2.023904219435504714e+01
1.954599999999999949e-01,2.049282567056706839e+01
1.955300000000000094e-01,2.006946225793777216e+01
1.955699999999999938e-01,2.026527354485249077e+01
1.956799999999999928e-01,2.031452924796794335e+01
1.961600000000000010e-01,2.008841540247828661e+01
1.962099999999999955e-01,2.013052186592308246e+01
1.962700000000000000e-01,2.019601156740944603e+01
1.963499999999999968e-01,2.024886645915923111e+01
1.973300000000000054e-01,2.015537428365900396e+01
1.974100000000000021e-01,2.004713663961414127e+01
1.978199999999999958e-01,1.984617220341441524e+01
1.981700000000000128e-01,2.010822546420322965e+01
1.982800000000000118e-01,2.024080408450575419e+01
1.986100000000000088e-01,2.067641771456255384e+01
1.987700000000000022e-01,2.024281590973354028e+01
1.987800000000000122e-01,2.024009376976187369e+01
1.990800000000000070e-01,2.037233188784961158e+01
1.995300000000000129e-01,2.020219376976187320e+01
1.996100000000000096e-01,2.002930408450575683e+01
1.996999999999999886e-01,2.024578496298546781e+01
2.007700000000000040e-01,2.003117766166639768e+01
2.008300000000000085e-01,2.033489376976187302e+01
2.008699999999999930e-01,2.011829376976187334e+01
2.012799999999999867e-01,2.020859376976187605e+01
2.023099999999999898e-01,1.996307931392841795e+01
2.024900000000000033e-01,2.033912830505614622e+01
2.027899999999999980e-01,2.018105935517644411e+01
2.031999999999999917e-01,2.030878400640144577e+01
2.032899999999999985e-01,2.022527414901288623e+01
2.033099999999999907e-01,2.027156756539097415e+01
2.033399999999999930e-01,2.027624965312283578e+01
2.038200000000000012e-01,2.024663334946597004e+01
2.046900000000000108e-01,2.022139754607804463e+01
2.048300000000000121e-01,2.018350369544151235e+01
2.052299999999999958e-01,2.050564335737150756e+01
2.056199999999999972e-01,2.015203536242393412e+01
2.069100000000000106e-01,2.025941700386826128e+01
2.074799999999999978e-01,2.065120977955108117e+01
2.075100000000000000e-01,2.040921925653901425e+01
2.084000000000000019e-01,2.006367315730103584e+01
2.085599999999999954e-01,2.020926799747957503e+01
2.086800000000000044e-01,2.043647314841775042e+01
2.086999999999999966e-01,2.019691931092624060e+01
2.087900000000000034e-01,2.021646532857443290e+01
2.094799999999999995e-01,2.017299174183082400e+01
2.101500000000000035e-01,2.047917928428473999e+01
2.103700000000000014e-01,1.978502348717319848e+01
2.108399999999999996e-01,2.029627314841775032e+01
2.109499999999999986e-01,2.013638290763237393e+01
2.111399999999999944e-01,2.028404200481575614e+01
2.113400000000000001e-01,2.047130942070115367e+01
2.117400000000000115e-01,2.029590473772007897e+01
2.119999999999999940e-01,2.024093799180687014e+01
2.122499999999999942e-01,2.026527501973331624e+01
2.134999999999999953e-01,2.034625820869912260e+01
2.136500000000000066e-01,2.033255435502434594e+01
2.139800000000000035e-01,2.021116119572635128e+01
2.144000000000000072e-01,2.034219733969257859e+01
2.150700000000000112e-01,2.020568945469895183e+01
2.152100000000000124e-01,2.078571794263952555e+01
2.157799999999999996e-01,2.054565084658937479e+01
2.164999999999999980e-01,2.014584710884967222e+01
2.168899999999999995e-01,2.038596355851571573e+01
2.169200000000000017e-01,2.041160702417298722e+01
2.174200000000000021e-01,2.045744361702663738e+01
2.179399999999999948e-01,2.031064713099340224e+01
2.184500000000000053e-01,2.053872398502814534e+01
2.188100000000000045e-01,2.045810055916834713e+01
2.189699999999999980e-01,2.050722032803367512e+01
2.189800000000000080e-01,2.044390253309065386e+01
2.189899999999999902e-01,2.034522806354920377e+01
2.194099999999999939e-01,2.032014324292845231e+01
2.195000000000000007e-01,2.042379085492175150e+01
2.197199999999999986e-01,2.037965054836006829e+01
2.197800000000000031e-01,2.040268900514815442e+01
2.199000000000000121e-01,2.055183714888860536e+01
2.201700000000000046e-01,2.023533264345272187e+01
2.206599999999999950e-01,2.050066602186687703e+01
2.208299999999999985e-01,2.039126627950453496e+01
2.213199999999999890e-01,2.035930084662625816e+01
2.213199999999999890e-01,2.037400084662625943e+01
2.215000000000000024e-01,2.050449118642330149e+01
2.229899999999999938e-01,2.063315433649995612e+01
2.234899999999999942e-01,2.045784502950680306e+01
2.238499999999999934e-01,2.032606771481857422e+01
2.244899999999999951e-01,2.043561955649724382e+01
2.244899999999999951e-01,2.025121955649724370e+01
2.249299999999999911e-01,2.041746648573542089e+01
2.254200000000000093e-01,2.045701551032235344e+01
2.254299999999999915e-01,2.043631438666578504e+01
2.255099999999999882e-01,2.048873116344775980e+01
2.257800000000000085e-01,2.029281955649724267e+01
2.264500000000000124e-01,2.069256185477861010e+01
2.272599999999999898e-01,2.039800816597425737e+01
2.281799999999999939e-01,2.052291126116569586e+01
2.286499999999999921e-01,2.045787444280301060e+01
2.292800000000000116e-01,2.051926250996638856e+01
2.297800000000000120e-01,2.043056279070366799e+01
2.301999999999999880e-01,2.042365696588288770e+01
2.304100000000000037e-01,2.060208614156712414e+01
2.308199999999999974e-01,2.036811544623995118e+01
2.308600000000000096e-01,2.039849397771304496e+01
2.309199999999999864e-01,2.059327444280301123e+01
2.312500000000000111e-01,2.061019441201987945e+01
2.316199999999999926e-01,2.049318461702134186e+01
2.316400000000000126e-01,2.038040680010620775e+01
2.320500000000000063e-01,2.049668461702134081e+01
2.328199999999999992e-01,2.012417228960816118e+01
2.336699999999999888e-01,2.047531488937600130e+01
2.337799999999999878e-01,2.070698461702134097e+01
2.339100000000000068e-01,2.046781689594970999e+01
2.339499999999999913e-01,2.042714326647788425e+01
2.347200000000000120e-01,2.047951358504169406e+01
2.348099999999999909e-01,2.056586991252851959e+01
2.349400000000000099e-01,2.044539962127952037e+01
2.351999999999999924e-01,2.044980764623601388e+01
2.355599999999999916e-01,2.051917284699694832e+01
2.363899999999999890e-01,2.066445813440839530e+01
2.366199999999999970e-01,2.054699677657950474e+01
2.366399999999999892e-01,2.075177924803514529e+01
2.368500000000000050e-01,2.040220384333727921e+01
2.369300000000000017e-01,2.051091092723546438e+01
2.372100000000000042e-01,2.050772138201460848e+01
2.374600000000000044e-01,2.101944078017480422e+01
2.378899999999999904e-01,2.051346615364244386e+01
2.394999999999999907e-01,2.018579157418882275e+01
2.398099999999999954e-01,2.040936628150162235e+01
2.401999999999999968e-01,2.066459157418882242e+01
2.408500000000000085e-01,2.068149157418882211e+01
2.412199999999999900e-01,2.060724109250634939e+01
2.415100000000000025e-01,2.039779202079719411e+01
2.416399999999999937e-01,2.044716850831932931e+01
2.421999999999999986e-01,2.083770120275478277e+01
2.427999999999999881e-01,2.069426646779696810e+01
2.428400000000000003e-01,2.084979202079719229e+01
2.432900000000000063e-01,2.052357315024912765e+01
2.435400000000000065e-01,2.080981612273616577e+01
2.441000000000000114e-01,2.056640443994761114e+01
2.444399999999999906e-01,2.047638497362091670e+01
2.445900000000000019e-01,2.039727883439090661e+01
2.451099999999999945e-01,2.060597449437918982e+01
2.452300000000000035e-01,2.076406438722009895e+01
2.455299999999999983e-01,2.062619861568066071e+01
2.458500000000000130e-01,2.070382549527693783e+01
2.461699999999999999e-01,2.061411463518508924e+01
2.464999999999999969e-01,2.064493648572775797e+01
2.465600000000000014e-01,2.054917509352828020e+01
2.466000000000000136e-01,2.066010978838424350e+01
2.471099999999999963e-01,2.046422707326797408e+01
2.484599999999999864e-01,2.046572790121835439e+01
2.485999999999999877e-01,2.075364993495971788e+01
2.486099999999999977e-01,2.069004993495972045e+01
2.486200000000000077e-01,2.062814993495971905e+01
2.486500000000000099e-01,2.058881442780650417e+01
2.489599999999999869e-01,2.068965840631781461e+01
2.490900000000000059e-01,2.057914993495971956e+01
2.497199999999999975e-01,2.093383987954052117e+01
2.498299999999999965e-01,2.055646632142113361e+01
2.498599999999999988e-01,2.065269952693478572e+01
2.501900000000000235e-01,2.085894993495971761e+01
2.502199999999999980e-01,2.063884993495971898e+01
2.504299999999999859e-01,2.067387730493686249e+01
2.505100000000000104e-01,2.082869873884156675e+01
2.506300000000000194e-01,2.056334993495971730e+01
2.509000000000000119e-01,2.064593150275451094e+01
2.519899999999999918e-01,2.072654212776143723e+01
2.525999999999999912e-01,2.071771231752651232e+01
2.525999999999999912e-01,2.066211231752651400e+01
2.533000000000000251e-01,2.062396601780334393e+01
2.535800000000000276e-01,2.028425440349853659e+01
2.540700000000000180e-01,2.070803534710559646e+01
2.561599999999999988e-01,2.089620998848342737e+01
2.561999999999999833e-01,2.080857008979483780e+01
2.563699999999999868e-01,2.062292995576318333e+01
2.568300000000000027e-01,2.075049982068300736e+01
2.573099999999999832e-01,2.082498883901538989e+01
2.573599999999999777e-01,2.074155784694146121e+01
2.577200000000000046e-01,2.085641312279383897e+01
2.581300000000000261e-01,2.077400914082933880e+01
2.585899999999999865e-01,2.071144727441218691e+01
2.586499999999999910e-01,2.075590569879572911e+01
2.590399999999999925e-01,2.078694727441218504e+01
2.591899999999999760e-01,2.053304727441218702e+01
2.592300000000000160e-01,2.067064727441218608e+01
2.594799999999999884e-01,2.076756899927260136e+01
2.595199999999999729e-01,2.068714727441218670e+01
2.606200000000000183e-01,2.074844727441218595e+01
2.609400000000000053e-01,2.085794727441218654e+01
2.614099999999999757e-01,2.068825590004249193e+01
2.616200000000000192e-01,2.065924947323364691e+01
2.617200000000000082e-01,2.092722851598500000e+01
2.617300000000000182e-01,2.092201507067327526e+01
2.617499999999999827e-01,2.063186289975181609e+01
2.618400000000000172e-01,2.093399909766157663e+01
2.620000000000000107e-01,2.096106751930036083e+01
2.630299999999999860e-01,2.150202107004128038e+01
2.632300000000000195e-01,2.087878324722334611e+01
2.636000000000000010e-01,2.063968324722334557e+01
2.639299999999999979e-01,2.079878324722334781e+01
2.639699999999999824e-01,2.054021903712405717e+01
2.640799999999999814e-01,2.087021529814927234e+01
2.641899999999999804e-01,2.074326084938434889e+01
2.646000000000000019e-01,2.075167572132736993e+01
2.646299999999999764e-01,2.090669716740283945e+01
2.658200000000000007e-01,2.084147417877290920e+01
2.658300000000000107e-01,2.055751692558279586e+01
2.664000000000000257e-01,2.052283990706719763e+01
2.670000000000000151e-01,2.077732701106326019e+01
2.679099999999999815e-01,2.074105307304703416e+01
2.681799999999999740e-01,2.069370373227143034e+01
2.685899999999999954e-01,2.080698139522021606e+01
2.686000000000000054e-01,2.068670373227143244e+01
2.688699999999999979e-01,2.083171041987194982e+01
2.701999999999999957e-01,2.086428139522021397e+01
2.702100000000000057e-01,2.073517224722996133e+01
2.705699999999999772e-01,2.073846444343802276e+01
2.709400000000000142e-01,2.071668139522021690e+01
2.714099999999999846e-01,2.079431396922445074e+01
2.727600000000000025e-01,2.076336884805495231e+01
2.735099999999999754e-01,2.069166829751597447e+01
2.745600000000000263e-01,2.095764662807427925e+01
2.750900000000000012e-01,2.099532744714539234e+01
2.751600000000000157e-01,2.074941199626988819e+01
2.758499999999999841e-01,2.087863543912171238e+01
2.763100000000000001e-01,2.088967055186362742e+01
2.766799999999999815e-01,2.106525552603294216e+01
2.777600000000000069e-01,2.083090774630910857e+01
2.778200000000000114e-01,2.113243413465548670e+01
2.793499999999999872e-01,2.091412431195982435e+01
2.798999999999999821e-01,2.071427808066176723e+01
2.799499999999999766e-01,2.077904727760673254e+01
2.806000000000000161e-01,2.087725015176065924e+01
2.813200000000000145e-01,2.082995987408600413e+01
2.820699999999999874e-01,2.080446671812535797e+01
2.826600000000000223e-01,2.095147518492589711e+01
2.834400000000000253e-01,2.086340285407082717e+01
2.840500000000000247e-01,2.077598436166343276e+01
2.844599999999999906e-01,2.074414845399449447e+01
2.844599999999999906e-01,2.089293156661287298e+01
2.847799999999999776e-01,2.131395747376625138e+01
2.855699999999999905e-01,2.090370726547806512e+01
2.858800000000000230e-01,2.087348436166343291e+01
2.866500000000000159e-01,2.083623639022798812e+01
2.873399999999999843e-01,2.076517236294419178e+01
2.875800000000000023e-01,2.073370279899256730e+01
2.877500000000000058e-01,2.107069851579851516e+01
2.881400000000000072e-01,2.090306695798217262e+01
2.884399999999999742e-01,2.094406167062456348e+01
2.885400000000000187e-01,2.093985144850375235e+01
2.889399999999999746e-01,2.113701481220984491e+01
2.890099999999999891e-01,2.093604360905637307e+01
2.890499999999999736e-01,2.087035144850375445e+01
2.890699999999999936e-01,2.089605144850375495e+01
2.894900000000000251e-01,2.117055144850375825e+01
2.899499999999999855e-01,2.093178653242447140e+01
2.900800000000000045e-01,2.092216878866789997e+01
2.904499999999999860e-01,2.097846878866790021e+01
2.912299999999999889e-01,2.067362884487012664e+01
2.919300000000000228e-01,2.094974173226244218e+01
2.919599999999999973e-01,2.095466007957399057e+01
2.921500000000000208e-01,2.093868462237385941e+01
2.922100000000000253e-01,2.061358743170467278e+01
2.925099999999999922e-01,2.082647152030240534e+01
2.925599999999999867e-01,2.088252861833659324e+01
2.929300000000000237e-01,2.093531125595984932e+01
2.929800000000000182e-01,2.101748743170467293e+01
2.936500000000000221e-01,2.104255055148399123e+01
2.950400000000000245e-01,2.094597499232712678e+01
2.958000000000000074e-01,2.120279834227313032e+01
2.958700000000000219e-01,2.118455115791364562e+01
2.964700000000000113e-01,2.117476115088632582e+01
2.969200000000000172e-01,2.083960798908416834e+01
2.969499999999999917e-01,2.093129383783700348e+01
2.985300000000000176e-01,2.144778323846581358e+01
2.985499999999999821e-01,2.083118323846581532e+01
2.989299999999999735e-01,2.109661620855076691e+01
2.993299999999999850e-01,2.118723066545311795e+01
2.994499999999999940e-01,2.119858323846581527e+01
2.994700000000000140e-01,2.091004840292313460e+01
3.002000000000000224e-01,2.116098323846581408e+01
3.003000000000000114e-01,2.105528043155546314e+01
3.008899999999999908e-01,2.135018323846581367e+01
3.014200000000000212e-01,2.103578323846581455e+01
3.015200000000000102e-01,2.128087792143707446e+01
3.025100000000000011e-01,2.106167792143707373e+01
3.030399999999999761e-01,2.099101204302049339e+01
3.035200000000000120e-01,2.109317793427488041e+01
3.036499999999999755e-01,2.124651449922876623e+01
3.040399999999999769e-01,2.088794744162850137e+01
3.040599999999999969e-01,2.087409752329630663e+01
3.047599999999999754e-01,2.120958158181499797e+01
3.048600000000000199e-01,2.106940004928042498e+01
3.052599999999999758e-01,2.075885292968327889e+01
3.053799999999999848e-01,2.107501312906765634e+01
3.054799999999999738e-01,2.117138411530472553e+01
3.058100000000000263e-01,2.111404744162850022e+01
3.065200000000000147e-01,2.105986128005875813e+01
3.068100000000000271e-01,2.132728411530472457e+01
3.069100000000000161e-01,2.112141069843854524e+01
3.081800000000000095e-01,2.136576128005875574e+01
3.083400000000000030e-01,2.111455692498565639e+01
3.087799999999999989e-01,2.115722074566241417e+01
3.092199999999999949e-01,2.120564918189939974e+01
3.093799999999999883e-01,2.113501783644830923e+01
3.094899999999999873e-01,2.117670310509413767e+01
3.096200000000000063e-01,2.087915218268086193e+01
3.105200000000000182e-01,2.077784196826458540e+01
3.106099999999999972e-01,2.115485529718778679e+01
3.108799999999999897e-01,2.120664352172117617e+01
3.114399999999999946e-01,2.117294352172118010e+01
3.117900000000000116e-01,2.119370715977481723e+01
3.120299999999999740e-01,2.110597636955260015e+01
3.126200000000000090e-01,2.111146534116468843e+01
3.126700000000000035e-01,2.118983470959727811e+01
3.126999999999999780e-01,2.077808843682198159e+01
3.129600000000000160e-01,2.117368843682198332e+01
3.130299999999999749e-01,2.116010664827885535e+01
3.138699999999999823e-01,2.117558410257252532e+01
3.145299999999999763e-01,2.127582055361031621e+01
3.150600000000000067e-01,2.117002155256581730e+01
3.151999999999999802e-01,2.103409056768011709e+01
3.158799999999999941e-01,2.135567123587111382e+01
3.159299999999999886e-01,2.108213707827798089e+01
3.162300000000000111e-01,2.134581727031392262e+01
3.178199999999999914e-01,2.121990530764442084e+01
3.180399999999999894e-01,2.122294309647671540e+01
3.182200000000000029e-01,2.116452391651737130e+01
3.185000000000000053e-01,2.147863034397074955e+01
3.190100000000000158e-01,2.128513034397075288e+01
3.190100000000000158e-01,2.103823034397075276e+01
3.209600000000000231e-01,2.137563034397075157e+01
3.210399999999999920e-01,2.109544272425189249e+01
3.211800000000000210e-01,2.133294272425189320e+01
3.220600000000000129e-01,2.087024353531504062e+01
3.222300000000000164e-01,2.100167253895764219e+01
3.222300000000000164e-01,2.101627253895764369e+01
3.227599999999999913e-01,2.106883208227350579e+01
3.244600000000000262e-01,2.120910077906249569e+01
3.254799999999999915e-01,2.136272901015596659e+01
3.256000000000000005e-01,2.139842060863586681e+01
3.257999999999999785e-01,2.129602180813298418e+01
3.258099999999999885e-01,2.118077268576277561e+01
3.263199999999999990e-01,2.118276721938845597e+01
3.280399999999999983e-01,2.112866029587063110e+01
3.284199999999999897e-01,2.143858262048587449e+01
3.284799999999999942e-01,2.147874179516457005e+01
3.285100000000000242e-01,2.106174179516457201e+01
3.286800000000000277e-01,2.120069734758012103e+01
3.286800000000000277e-01,2.122832964169433012e+01
3.287100000000000022e-01,2.105501528250934129e+01
3.290699999999999736e-01,2.118497863608920184e+01
3.294099999999999806e-01,2.153712392778506413e+01
3.295199999999999796e-01,2.136602560556296382e+01
3.296799999999999731e-01,2.122978080849269489e+01
3.299500000000000210e-01,2.096974307207801758e+01
3.304699999999999860e-01,2.135997509528633742e+01
3.305600000000000205e-01,2.129264522127471793e+01
3.306299999999999795e-01,2.129337887582859068e+01
3.308900000000000174e-01,2.128634179516457081e+01
3.309000000000000274e-01,2.112374179516456962e+01
3.310299999999999909e-01,2.113427887582858844e+01
3.314699999999999869e-01,2.115784179516457186e+01
3.314699999999999869e-01,2.135634925293070197e+01
3.314699999999999869e-01,2.122894179516456958e+01
3.318900000000000183e-01,2.114100972262662381e+01
3.323699999999999988e-01,2.110007732652617563e+01
3.329799999999999982e-01,2.145437887582858849e+01
3.335000000000000187e-01,2.112367201893408719e+01
3.335000000000000187e-01,2.115782085209734831e+01
3.345000000000000195e-01,2.123831894924182251e+01
3.349800000000000000e-01,2.114632085209734669e+01
3.351000000000000090e-01,2.114285046513936805e+01
3.367100000000000093e-01,2.115192259759471227e+01
3.374900000000000122e-01,2.128251943284097791e+01
3.375099999999999767e-01,2.112565577696787855e+01
3.376199999999999757e-01,2.126404296369007696e+01
3.377800000000000247e-01,2.126786770875270349e+01
3.381799999999999806e-01,2.126183025974093610e+01
3.384800000000000031e-01,2.122619711493995354e+01
3.389699999999999935e-01,2.116783504402413385e+01
3.406100000000000239e-01,2.128517600817596289e+01
3.409800000000000053e-01,2.116693742083513641e+01
3.411100000000000243e-01,2.117201382759863293e+01
3.416899999999999937e-01,2.131930505541545173e+01
3.444599999999999884e-01,2.141148857830786412e+01
3.444800000000000084e-01,2.139478857830786396e+01
3.448700000000000099e-01,2.133530057125007318e+01
3.454499999999999793e-01,2.130507470056020836e+01
3.460199999999999942e-01,2.143196202138507189e+01
3.469599999999999906e-01,2.151404524605544921e+01
3.471699999999999786e-01,2.121756202138507064e+01
3.488100000000000089e-01,2.146775288097314771e+01
3.491000000000000214e-01,2.134700122665145017e+01
3.491199999999999859e-01,2.137712206284178507e+01
3.493200000000000194e-01,2.123737928856197854e+01
3.493899999999999784e-01,2.130201163343656034e+01
3.494900000000000229e-01,2.110355053900349276e+01
3.494900000000000229e-01,2.147415053900349236e+01
3.494900000000000229e-01,2.124793115752497030e+01
3.496799999999999908e-01,2.158070181718523983e+01
3.501500000000000168e-01,2.128095373114986799e+01
3.505900000000000127e-01,2.133097928856198067e+01
3.509900000000000242e-01,2.134724474018312890e+01
3.514900000000000246e-01,2.157513115752497157e+01
3.514900000000000246e-01,2.142963115752496961e+01
3.537199999999999789e-01,2.145540869946737317e+01
3.551900000000000057e-01,2.155408785543465200e+01
3.577400000000000024e-01,2.143804707606180671e+01
3.579999999999999849e-01,2.143499446629654770e+01
3.584200000000000164e-01,2.132512097830813858e+01
3.584999999999999853e-01,2.123250076170131351e+01
3.590900000000000203e-01,2.123250545814891410e+01
3.590900000000000203e-01,2.152396250679417022e+01
3.594600000000000017e-01,2.150060545814891100e+01
3.601699999999999902e-01,2.126630545814891349e+01
3.603399999999999936e-01,2.115920394038240460e+01
3.609100000000000086e-01,2.151210545814891262e+01
3.614700000000000135e-01,2.119042072082663353e+01
3.628000000000000114e-01,2.131865356818721580e+01
3.632500000000000173e-01,2.143726249173564113e+01
3.649899999999999811e-01,2.153234650327242861e+01
3.662300000000000000e-01,2.120288700301494345e+01
3.665599999999999969e-01,2.129911078551761960e+01
3.671300000000000119e-01,2.127517904139748950e+01
3.679000000000000048e-01,2.133085742716088617e+01
3.679899999999999838e-01,2.153488275933004914e+01
3.683899999999999952e-01,2.161213738542236129e+01
3.685700000000000087e-01,2.152703126333461014e+01
3.696200000000000041e-01,2.151232558016274510e+01
3.698699999999999766e-01,2.128009099693751338e+01
3.702300000000000035e-01,2.144279716421796778e+01
3.705200000000000160e-01,2.144088275933005150e+01
3.705300000000000260e-01,2.144352944314633547e+01
3.705700000000000105e-01,2.169963448287244390e+01
3.706200000000000050e-01,2.133639716421796706e+01
3.706200000000000050e-01,2.113319716421796812e+01
3.709500000000000020e-01,2.147002944314633766e+01
3.713799999999999879e-01,2.139353316421994222e+01
3.715300000000000269e-01,2.144759716421796725e+01
3.715300000000000269e-01,2.148754731381622207e+01
3.735299999999999732e-01,2.136688650916859089e+01
3.743600000000000261e-01,2.152653396064790314e+01
3.767599999999999838e-01,2.146740456154913090e+01
3.780499999999999972e-01,2.140885269903082744e+01
3.785200000000000231e-01,2.147943029871538201e+01
3.799100000000000255e-01,2.134161715161291539e+01
3.799699999999999744e-01,2.146143160710684583e+01
3.806100000000000039e-01,2.150900456799381999e+01
3.809199999999999808e-01,2.149870456799381913e+01
3.812900000000000178e-01,2.149964262886860311e+01
3.815299999999999803e-01,2.172510456799381728e+01
3.818500000000000227e-01,2.160753160710684284e+01
3.824799999999999867e-01,2.141548909945344548e+01
3.829099999999999726e-01,2.140916661939510135e+01
3.840199999999999725e-01,2.155806088527927145e+01
3.860000000000000098e-01,2.156145113299766081e+01
3.867200000000000082e-01,2.141446558422868662e+01
3.874400000000000066e-01,2.159018877131192227e+01
3.878099999999999881e-01,2.166650459933932282e+01
3.889500000000000179e-01,2.141492599872952241e+01
3.894900000000000029e-01,2.157592599872952377e+01
3.925500000000000100e-01,2.150456435003976807e+01
3.951000000000000068e-01,2.149089519611963439e+01
3.970600000000000240e-01,2.127846414295168742e+01
3.994400000000000173e-01,2.172825982160880898e+01
4.005000000000000226e-01,2.150505993184680165e+01
4.022100000000000120e-01,2.149384438996277424e+01
4.029300000000000104e-01,2.155796446103106589e+01
4.036799999999999833e-01,2.162502025429052210e+01
4.046299999999999897e-01,2.168486446103106857e+01
4.048300000000000232e-01,2.134746446103106621e+01
4.055000000000000271e-01,2.178622951282627085e+01
4.064599999999999880e-01,2.169692951282627291e+01
4.089499999999999802e-01,2.170110443672309941e+01
4.092000000000000082e-01,2.174126583652457967e+01
4.093499999999999917e-01,2.170638850354367122e+01
4.094900000000000206e-01,2.167776493122826054e+01
4.100400000000000156e-01,2.168542866419375059e+01
4.112299999999999844e-01,2.165958047116450658e+01
4.113999999999999879e-01,2.182978919075720725e+01
4.116099999999999759e-01,2.181246493122825925e+01
4.126600000000000268e-01,2.178462123411580365e+01
4.165699999999999958e-01,2.172271780069845448e+01
4.185699999999999976e-01,2.160755074876269788e+01
4.193600000000000105e-01,2.167032961036264993e+01
4.193899999999999850e-01,2.144442961036265061e+01
4.195999999999999730e-01,2.185146774839591188e+01
4.196500000000000230e-01,2.178518802271263155e+01
4.199499999999999900e-01,2.142423967021926856e+01
4.203600000000000114e-01,2.181680201803126096e+01
4.208799999999999764e-01,2.160121844446795691e+01
4.209399999999999809e-01,2.171355827808471872e+01
4.219499999999999917e-01,2.151448394258779828e+01
4.224700000000000122e-01,2.162775005349580937e+01
4.224899999999999767e-01,2.165966010334095770e+01
4.234800000000000231e-01,2.157815472891493869e+01
4.235999999999999766e-01,2.182066519254546577e+01
4.239899999999999780e-01,2.170424948759965744e+01
4.245900000000000230e-01,2.172544865876809439e+01
4.256800000000000028e-01,2.167914537423635934e+01
4.260200000000000098e-01,2.172667143861997729e+01
4.269999999999999907e-01,2.178818449666841772e+01
4.270300000000000207e-01,2.181105010059226146e+01
4.279299999999999771e-01,2.225058013442676597e+01
4.285900000000000265e-01,2.185738013442676575e+01
4.289499999999999980e-01,2.161461981267469312e+01
4.290300000000000225e-01,2.179691981267469103e+01
4.297599999999999754e-01,2.189404279227764505e+01
4.302000000000000268e-01,2.180374664360705594e+01
4.349399999999999933e-01,2.174402780046859363e+01
4.354600000000000137e-01,2.154361615932887020e+01
4.368299999999999961e-01,2.196632780046859068e+01
4.375999999999999890e-01,2.158249406233473877e+01
4.378299999999999970e-01,2.183901294656646286e+01
4.389000000000000123e-01,2.142308753952375255e+01
4.389100000000000223e-01,2.162338753952375114e+01
4.393500000000000183e-01,2.178334878197643576e+01
4.401300000000000212e-01,2.209604165392949682e+01
4.406700000000000061e-01,2.159158753952375420e+01
4.414899999999999936e-01,2.163358541327333739e+01
4.424500000000000099e-01,2.180296834453252686e+01
4.426300000000000234e-01,2.185607369808294820e+01
4.436100000000000043e-01,2.174517369808294731e+01
4.439100000000000268e-01,2.175456076453716392e+01
4.476399999999999824e-01,2.179985734440481338e+01
4.488599999999999812e-01,2.182545998882512706e+01
4.489099999999999757e-01,2.192765998882512690e+01
4.506800000000000250e-01,2.158475998882512670e+01
4.510600000000000165e-01,2.186825998882512678e+01
4.516200000000000214e-01,2.152935998882512791e+01
4.516200000000000214e-01,2.193245998882512637e+01
4.516299999999999759e-01,2.165486293781131977e+01
4.521800000000000264e-01,2.193112363223960415e+01
4.532800000000000162e-01,2.172888067061053974e+01
4.534599999999999742e-01,2.182047796738490320e+01
4.545799999999999841e-01,2.171894058998090671e+01
4.547700000000000076e-01,2.181617766956167870e+01
4.588499999999999801e-01,2.189313572107781525e+01
4.606399999999999939e-01,2.192733572107781370e+01
4.610400000000000054e-01,2.194143572107781637e+01
4.616399999999999948e-01,2.190764892032851563e+01
4.664300000000000113e-01,2.225576972209974258e+01
4.665400000000000102e-01,2.196596010498107177e+01
4.684200000000000030e-01,2.188371332625912302e+01
4.688700000000000090e-01,2.167354287030240911e+01
4.704200000000000048e-01,2.212256094999260014e+01
4.706500000000000128e-01,2.192391332625912170e+01
4.716299999999999937e-01,2.189021332625912208e+01
4.720400000000000151e-01,2.194338626578684881e+01
4.756500000000000172e-01,2.184251258238483473e+01
4.778600000000000070e-01,2.212817399504400839e+01
4.794100000000000028e-01,2.176519142302521104e+01
4.794599999999999973e-01,2.190639142302521236e+01
4.798799999999999732e-01,2.178894515331070636e+01
4.806400000000000117e-01,2.189979142302521353e+01
4.806500000000000217e-01,2.187195913001554004e+01
4.816400000000000126e-01,2.220119142302521098e+01
4.888799999999999812e-01,2.196526865793862981e+01
4.924399999999999888e-01,2.215500096137487418e+01
4.949899999999999856e-01,2.195505175592726488e+01
4.956599999999999895e-01,2.201649563502061113e+01
4.957900000000000085e-01,2.195270704533529837e+01
4.973899999999999988e-01,2.199479183575860120e+01
5.006699999999999484e-01,2.212499183575860329e+01
5.009799999999999809e-01,2.198304370472159164e+01
5.028200000000000447e-01,2.202176081872188362e+01
5.028500000000000192e-01,2.193395033665925098e+01
5.030599999999999516e-01,2.201205033665925015e+01
5.031600000000000517e-01,2.200472772247150033e+01
5.059299999999999908e-01,2.193536169342394615e+01
5.061499999999999888e-01,2.196106517623075760e+01
5.072499999999999787e-01,2.208935380112205138e+01
5.073900000000000077e-01,2.209545380112205137e+01
5.082499999999999796e-01,2.187141526353415344e+01
5.101599999999999469e-01,2.194661526353415226e+01
5.109500000000000153e-01,2.191041526353415136e+01
5.116899999999999782e-01,2.224061526353415275e+01
5.138700000000000490e-01,2.210163683580837812e+01
5.143699999999999939e-01,2.206940399351982407e+01
5.146899999999999809e-01,2.217370535988406743e+01
5.172600000000000531e-01,2.193341203985774968e+01
5.188300000000000134e-01,2.203268206027613729e+01
5.188500000000000334e-01,2.202018206027613800e+01
5.194100000000000383e-01,2.208158206027613701e+01
5.196800000000000308e-01,2.212971113068606854e+01
5.227100000000000080e-01,2.218595392973500680e+01
5.240000000000000213e-01,2.200805078158597539e+01
5.262000000000000011e-01,2.199749293656925175e+01
5.285900000000000043e-01,2.191202534552079584e+01
5.293700000000000072e-01,2.211484284591200478e+01
5.309899999999999620e-01,2.170374284591200365e+01
5.311099999999999710e-01,2.233444284591200457e+01
5.312400000000000455e-01,2.234560933492767987e+01
5.322500000000000009e-01,2.180165837466973144e+01
5.327100000000000168e-01,2.206932404650869373e+01
5.337199999999999722e-01,2.198560617351707336e+01
5.343499999999999917e-01,2.195834392152253400e+01
5.353400000000000380e-01,2.213413066250127414e+01
5.357199999999999740e-01,2.203127320193518912e+01
5.394200000000000106e-01,2.214319639581768584e+01
5.409699999999999509e-01,2.208849639581768542e+01
5.415200000000000014e-01,2.233643731417487999e+01
5.454499999999999904e-01,2.236664164277128464e+01
5.483400000000000496e-01,2.181884150914854104e+01
5.488100000000000200e-01,2.196484150914854183e+01
5.502099999999999769e-01,2.212064150914854110e+01
5.503299999999999859e-01,2.216534141538915392e+01
5.504599999999999493e-01,2.220427100972600698e+01
5.526699999999999946e-01,2.198634141538915188e+01
5.537499999999999645e-01,2.228254141538915079e+01
5.538399999999999990e-01,2.187104803318571555e+01
5.578199999999999825e-01,2.222166942405578993e+01
5.588199999999999834e-01,2.251447700822769349e+01
5.588199999999999834e-01,2.207887700822769261e+01
5.618100000000000316e-01,2.207105793803630789e+01
5.626900000000000235e-01,2.237759675711355811e+01
5.628300000000000525e-01,2.220541625638085392e+01
5.643700000000000383e-01,2.216646528738533917e+01
5.643700000000000383e-01,2.226191786657922833e+01
5.643700000000000383e-01,2.217049593675027452e+01
5.648100000000000342e-01,2.226034121139037936e+01
5.687900000000000178e-01,2.200820173795383283e+01
5.754200000000000426e-01,2.194949597906334660e+01
5.757700000000000040e-01,2.235347635988476966e+01
5.761899999999999800e-01,2.224791893423232025e+01
5.766799999999999704e-01,2.218551893423232002e+01
5.773700000000000498e-01,2.240066701919723258e+01
5.783000000000000362e-01,2.217111456522788870e+01
5.783099999999999907e-01,2.220862848340791018e+01
5.788200000000000012e-01,2.218091456522788718e+01
5.789100000000000357e-01,2.228541456522788877e+01
5.796700000000000186e-01,2.214738934995852659e+01
5.806700000000000195e-01,2.232671456522788844e+01
5.807999999999999829e-01,2.245706760419171033e+01
5.830100000000000282e-01,2.228874995523096558e+01
5.833000000000000407e-01,2.254425366723114621e+01
5.838200000000000056e-01,2.222335366723115158e+01
5.838200000000000056e-01,2.239575366723114769e+01
5.838999999999999746e-01,2.216675366723114848e+01
5.858200000000000074e-01,2.245111536622576054e+01
5.873000000000000442e-01,2.236548051396309944e+01
5.887900000000000356e-01,2.224211437839774064e+01
5.902899999999999814e-01,2.225288468299174838e+01
5.917900000000000382e-01,2.219081437839774296e+01
6.006700000000000372e-01,2.233800008672037407e+01
6.015500000000000291e-01,2.247881687923252159e+01
6.032800000000000384e-01,2.246992481629554561e+01
6.062600000000000211e-01,2.233204509201870280e+01
6.082699999999999774e-01,2.230327061984074888e+01
6.087599999999999678e-01,2.214107061984075031e+01
6.087799999999999878e-01,2.233077061984074874e+01
6.098099999999999632e-01,2.240316977793783693e+01
6.107099999999999751e-01,2.238147061984075137e+01
6.112699999999999800e-01,2.261372816305519251e+01
6.117700000000000360e-01,2.240982816305519165e+01
6.157700000000000395e-01,2.241194990046799518e+01
6.187500000000000222e-01,2.241582492728684528e+01
6.194100000000000161e-01,2.239422492728684588e+01
6.198299999999999921e-01,2.245780741361873467e+01
6.207000000000000295e-01,2.239822492728684367e+01
6.218299999999999939e-01,2.228882492728684639e+01
6.252499999999999725e-01,2.234776223531570594e+01
6.272499999999999742e-01,2.227239457845745463e+01
6.307700000000000529e-01,2.234659922791078657e+01
6.318300000000000027e-01,2.199716197798021255e+01
6.322499999999999787e-01,2.253003973901801515e+01
6.339900000000000535e-01,2.227633232821510489e+01
6.377699999999999481e-01,2.220390523214750544e+01
6.379399999999999515e-01,2.253780523214750531e+01
6.382400000000000295e-01,2.233218075976151340e+01
6.387300000000000200e-01,2.245318075976151206e+01
6.393400000000000194e-01,2.246278075976151101e+01
6.418500000000000316e-01,2.252038075976151177e+01
6.431099999999999595e-01,2.202783624910567539e+01
6.437100000000000044e-01,2.246801218282469037e+01
6.437100000000000044e-01,2.247221218282469124e+01
6.477000000000000535e-01,2.248253200415122777e+01
6.485199999999999854e-01,2.269954350366071694e+01
6.487000000000000544e-01,2.239571396319451324e+01
6.496199999999999752e-01,2.243968550165285691e+01
6.621299999999999963e-01,2.262131651426315671e+01
6.646999999999999575e-01,2.251103339022647631e+01
6.707199999999999829e-01,2.270111764426208367e+01
6.777300000000000546e-01,2.284684651930975718e+01
6.818999999999999506e-01,2.245805359137068535e+01
6.837199999999999944e-01,2.278817942012088338e+01
6.851899999999999658e-01,2.262802458705437303e+01
6.887199999999999989e-01,2.242126647693163477e+01
6.893500000000000183e-01,2.246106647693163438e+01
6.893599999999999728e-01,2.265196647693163357e+01
6.907200000000000006e-01,2.252186647693163479e+01
6.931800000000000184e-01,2.251735148730449509e+01
6.971800000000000219e-01,2.256523310565477303e+01
6.981800000000000228e-01,2.256185539310862964e+01
6.991800000000000237e-01,2.253367843193715458e+01
6.991800000000000237e-01,2.266257843193715260e+01
6.993200000000000527e-01,2.270545539310863248e+01
6.999199999999999866e-01,2.271201157046033003e+01
7.006999999999999895e-01,2.250920222125715497e+01
7.011699999999999600e-01,2.268772676018699741e+01
7.019199999999999884e-01,2.249095539310863145e+01
7.019199999999999884e-01,2.263805539310862969e+01
7.157099999999999573e-01,2.257007937810605114e+01
7.187400000000000455e-01,2.244578420252388185e+01
7.196799999999999864e-01,2.273189564836219745e+01
7.196900000000000519e-01,2.253809564836219792e+01
7.201499999999999568e-01,2.272803426441182140e+01
7.207400000000000473e-01,2.261525776546225330e+01
7.267400000000000526e-01,2.264289604310404513e+01
7.277400000000000535e-01,2.256853831216270478e+01
7.286599999999999744e-01,2.256176948435602014e+01
7.301400000000000112e-01,2.247286056159336098e+01
7.316099999999999826e-01,2.273378447307649708e+01
7.336799999999999988e-01,2.253500260436553759e+01
7.339499999999999913e-01,2.277426056159335843e+01
7.349499999999999922e-01,2.280670718643041184e+01
7.356800000000000006e-01,2.272870090776450880e+01
7.359599999999999476e-01,2.271925453429904351e+01
7.367500000000000160e-01,2.254125139579763371e+01
7.419599999999999529e-01,2.302555375858700160e+01
7.427599999999999758e-01,2.262425924664177757e+01
7.457300000000000040e-01,2.270552284352400818e+01
7.460700000000000109e-01,2.252084308955416247e+01
7.491100000000000536e-01,2.247016926958276883e+01
7.492999999999999661e-01,2.270900975656852694e+01
7.507399999999999629e-01,2.243300975656852714e+01
7.589900000000000535e-01,2.277004119252352510e+01
7.607599999999999918e-01,2.258613666092925243e+01
7.610999999999999988e-01,2.269243843850339104e+01
7.616500000000000492e-01,2.264673843850339097e+01
7.656600000000000072e-01,2.274771725246617748e+01
7.666600000000000081e-01,2.293198869661472727e+01
7.667399999999999771e-01,2.287434650379225332e+01
7.670900000000000496e-01,2.306706083545138597e+01
7.686500000000000554e-01,2.280003366819096655e+01
7.693200000000000038e-01,2.272392140001991834e+01
7.730900000000000549e-01,2.285780821304443577e+01
7.792900000000000382e-01,2.253439998845552950e+01
7.880700000000000482e-01,2.278693484510053580e+01
7.890700000000000491e-01,2.286522207075484303e+01
7.892799999999999816e-01,2.268223484510053467e+01
7.966199999999999948e-01,2.237565156301394964e+01
7.986299999999999510e-01,2.290443747448347267e+01
8.398099999999999454e-01,2.278409135380961104e+01
8.398099999999999454e-01,2.262529135380961165e+01
8.548200000000000243e-01,2.302325135095760800e+01
9.358499999999999597e-01,2.284669515322535105e+01
9.742300000000000404e-01,2.338026450018760372e+01
1.012420000000000098e+00,2.334440266891200366e+01
1.019879999999999898e+00,2.349701840528180341e+01
1.020880000000000010e+00,2.319084315276688102e+01
1.027889999999999970e+00,2.374913125653495527e+01
1.048170000000000046e+00,2.361113069472122561e+01
1.120919999999999916e+00,2.355582069535624257e+01
1.232250000000000068e+00,2.332521188178240479e+01
1.235970000000000013e+00,2.390561236266022505e+01
1.299109999999999987e+00,2.380245137874817019e+01
1.304100000000000037e+00,2.365423593068750563e+01
1.306110000000000104e+00,2.395145261487739674e+01
1.313169999999999948e+00,2.371094502323013842e+01
1.329099999999999948e+00,2.378471107526582884e+01
1.341010000000000035e+00,2.365502071294928754e+01
1.351359999999999895e+00,2.344086992896910360e+01
1.356079999999999952e+00,2.369459287453237906e+01
1.391029999999999989e+00,2.364941049525931049e+01
1.416330000000000089e+00,2.329032331618514107e+01
1.542899999999999938e+00,2.381303141690030856e+01
1.549009999999999998e+00,2.400729058226884405e+01
1.615050000000000097e+00,2.381998039087975627e+01
1.697060000000000013e+00,2.387648117920506508e+01
1.801190000000000069e+00,2.399770984328890222e+01
1.911650000000000071e+00,2.384784481098153819e+01
2.261369999999999880e+00,2.436371199966030687e+01
