-1.943128999999999706e+01
-1.937413999999999703e+01
-1.937299999999999756e+01
-1.935139999999999816e+01
-1.929220000000000113e+01
-1.933800000000000097e+01
-1.924560000000000315e+01
-1.939710000000000178e+01
-1.928770000000000095e+01
-1.903780000000000072e+01
-1.909329999999999927e+01
-1.947789999999999822e+01
-1.936759999999999948e+01
-1.953900000000000148e+01
-1.935000000000000142e+01
-1.936540000000000106e+01
-1.938119999999999976e+01
-1.931909999999999883e+01
-1.925690000000000168e+01
-1.915480000000000160e+01
-1.949719999999999942e+01
-1.940690000000000026e+01
-1.925459999999999638e+01
-1.916290000000000049e+01
-1.917559999999999931e+01
-1.922629999999999839e+01
-1.919019999999999726e+01
-1.936300000000000310e+01
-1.923680000000000234e+01
-1.939320000000000377e+01
-1.895710000000000051e+01
-1.902150000000000318e+01
-1.892390000000000327e+01
-1.899010000000000176e+01
-1.912239999999999895e+01
-1.914939999999999998e+01
-1.935630000000000450e+01
-1.927999999999999758e+01
-1.930219999999999914e+01
-1.927029999999999887e+01
-1.929610000000000269e+01
-1.928269999999999840e+01
-1.929330000000000211e+01
-1.935109999999999886e+01
-1.932920000000000016e+01
-1.930590000000000117e+01
-1.935790000000000077e+01
-1.933170000000000144e+01
-1.903620000000000090e+01
-1.913750000000000284e+01
-1.944400000000000261e+01
-1.907169999999999987e+01
-1.914440000000000097e+01
-1.917160000000000508e+01
-1.923030000000000328e+01
-1.930289999999999750e+01
-1.943139999999999645e+01
-1.927990000000000137e+01
-1.927400000000000091e+01
-1.925540000000000163e+01
-1.932870000000000132e+01
-1.915510000000000090e+01
-1.913770000000000238e+01
-1.912170000000000059e+01
-1.970009999999999906e+01
-1.959999999999999432e+01
-1.944429999999999836e+01
-1.921919999999999717e+01
-1.917920000000000158e+01
-1.905829999999999558e+01
-1.914579999999999416e+01
-1.919780000000000086e+01
-1.908520000000000039e+01
-1.944119999999999848e+01
-1.948949999999999960e+01
-1.931410000000000338e+01
-1.924490000000000123e+01
